{
 "cells": [
  {
   "cell_type": "code",
   "execution_count": 34,
   "metadata": {
    "collapsed": true
   },
   "outputs": [],
   "source": [
    "%matplotlib inline \n",
    "import os\n",
    "import pandas as pd \n",
    "import numpy as np\n",
    "import matplotlib.pyplot as plt\n",
    "import seaborn as sns \n",
    "from scipy.stats import ttest_ind, mannwhitneyu\n",
    "pd.options.display.max_columns = 999\n",
    "pd.options.display.max_rows = 999\n",
    "\n",
    "clinical_dir  = '/Users/kanaan/SCR/Dataframes_20150820/DF_clinical/'\n",
    "datadir = '/Users/kanaan/Google Drive/TS-EUROTRAIN/RESULTS_QSM'\n",
    "\n",
    "datadir = '/Users/kanaan/Google Drive/TS-EUROTRAIN/Presentations/2016_06_ESSTS_warsaw_QSM'\n",
    "\n",
    "measures = ['SNR' , 'CNR' , 'FBER',  'QI1', \n",
    "            'R_Caud', 'L_Caud', 'R_Puta', 'L_Puta', 'R_Pall', 'L_Pall',\n",
    "            'R_Amyg', 'L_Amyg', 'R_Hipp', 'L_Hipp', 'R_Accu', 'L_Accu',\n",
    "            'R_Thal', 'L_Thal', 'L_Insula', 'R_Insula', 'L_Cingulum', 'R_Cingulum', \n",
    "           # 'L_ant_Insula', 'R_ant_Insula', 'L_inf_Insula', 'R_inf_Insula',  'L_sup_Insula', 'R_sup_Insula', \n",
    "           # 'L_ant_Cingulum', 'R_ant_Cingulum', 'L_ant_mid_Cingulum', 'R_ant_mid_Cingulum',\n",
    "           # 'L_post_mid_Cingulum', 'R_post_mid_Cingulum', 'L_post_dors_Cingulum',\n",
    "           # 'R_post_dors_Cingulum','L_post_vent_Cingulum', 'R_post_vent_Cingulum', \n",
    "            'L_RN', 'R_RN', 'L_STN', 'R_STN', 'L_SN', 'R_SN']\n"
   ]
  },
  {
   "cell_type": "code",
   "execution_count": 35,
   "metadata": {
    "collapsed": false
   },
   "outputs": [
    {
     "name": "stdout",
     "output_type": "stream",
     "text": [
      "['PU2T']\n",
      "OUTLIER: PU2T L_RN= 0.233845, Limits= (-0.0151247031764,0.223509551661)\n"
     ]
    },
    {
     "data": {
      "text/html": [
       "<div>\n",
       "<table border=\"1\" class=\"dataframe\">\n",
       "  <thead>\n",
       "    <tr style=\"text-align: right;\">\n",
       "      <th></th>\n",
       "      <th>Controls_A</th>\n",
       "      <th>Controls_B</th>\n",
       "      <th>Z</th>\n",
       "      <th>p_val</th>\n",
       "    </tr>\n",
       "  </thead>\n",
       "  <tbody>\n",
       "    <tr>\n",
       "      <th>SNR</th>\n",
       "      <td>2.75±0.261</td>\n",
       "      <td>2.782±0.251</td>\n",
       "      <td>-0.45</td>\n",
       "      <td>0.65733</td>\n",
       "    </tr>\n",
       "    <tr>\n",
       "      <th>CNR</th>\n",
       "      <td>1.689±0.192</td>\n",
       "      <td>1.721±0.165</td>\n",
       "      <td>-0.62</td>\n",
       "      <td>0.53947</td>\n",
       "    </tr>\n",
       "    <tr>\n",
       "      <th>FBER</th>\n",
       "      <td>-1.842±1.488</td>\n",
       "      <td>-1.78±1.627</td>\n",
       "      <td>-0.14</td>\n",
       "      <td>0.88826</td>\n",
       "    </tr>\n",
       "    <tr>\n",
       "      <th>QI1</th>\n",
       "      <td>0.235±0.042</td>\n",
       "      <td>0.228±0.037</td>\n",
       "      <td>0.59</td>\n",
       "      <td>0.5547</td>\n",
       "    </tr>\n",
       "    <tr>\n",
       "      <th>R_Caud</th>\n",
       "      <td>0.038±0.01</td>\n",
       "      <td>0.038±0.009</td>\n",
       "      <td>0.12</td>\n",
       "      <td>0.90558</td>\n",
       "    </tr>\n",
       "    <tr>\n",
       "      <th>L_Caud</th>\n",
       "      <td>0.045±0.013</td>\n",
       "      <td>0.043±0.014</td>\n",
       "      <td>0.51</td>\n",
       "      <td>0.61174</td>\n",
       "    </tr>\n",
       "    <tr>\n",
       "      <th>R_Puta</th>\n",
       "      <td>0.033±0.015</td>\n",
       "      <td>0.03±0.012</td>\n",
       "      <td>0.73</td>\n",
       "      <td>0.4668</td>\n",
       "    </tr>\n",
       "    <tr>\n",
       "      <th>L_Puta</th>\n",
       "      <td>0.027±0.015</td>\n",
       "      <td>0.024±0.015</td>\n",
       "      <td>0.78</td>\n",
       "      <td>0.43713</td>\n",
       "    </tr>\n",
       "    <tr>\n",
       "      <th>R_Pall</th>\n",
       "      <td>0.108±0.018</td>\n",
       "      <td>0.107±0.016</td>\n",
       "      <td>0.16</td>\n",
       "      <td>0.86981</td>\n",
       "    </tr>\n",
       "    <tr>\n",
       "      <th>L_Pall</th>\n",
       "      <td>0.104±0.021</td>\n",
       "      <td>0.105±0.015</td>\n",
       "      <td>-0.15</td>\n",
       "      <td>0.88311</td>\n",
       "    </tr>\n",
       "    <tr>\n",
       "      <th>R_Amyg</th>\n",
       "      <td>-0.003±0.011</td>\n",
       "      <td>0.002±0.014</td>\n",
       "      <td>-1.61</td>\n",
       "      <td>0.11296</td>\n",
       "    </tr>\n",
       "    <tr>\n",
       "      <th>L_Amyg</th>\n",
       "      <td>-0.015±0.022</td>\n",
       "      <td>-0.001±0.021</td>\n",
       "      <td>-2.33</td>\n",
       "      <td>0.02391</td>\n",
       "    </tr>\n",
       "    <tr>\n",
       "      <th>R_Hipp</th>\n",
       "      <td>0.007±0.007</td>\n",
       "      <td>0.01±0.007</td>\n",
       "      <td>-1.11</td>\n",
       "      <td>0.27209</td>\n",
       "    </tr>\n",
       "    <tr>\n",
       "      <th>L_Hipp</th>\n",
       "      <td>0.013±0.016</td>\n",
       "      <td>0.012±0.013</td>\n",
       "      <td>0.23</td>\n",
       "      <td>0.82208</td>\n",
       "    </tr>\n",
       "    <tr>\n",
       "      <th>R_Accu</th>\n",
       "      <td>0.0±0.015</td>\n",
       "      <td>-0.005±0.014</td>\n",
       "      <td>1.29</td>\n",
       "      <td>0.20186</td>\n",
       "    </tr>\n",
       "    <tr>\n",
       "      <th>L_Accu</th>\n",
       "      <td>0.005±0.029</td>\n",
       "      <td>0.009±0.027</td>\n",
       "      <td>-0.55</td>\n",
       "      <td>0.58807</td>\n",
       "    </tr>\n",
       "    <tr>\n",
       "      <th>R_Thal</th>\n",
       "      <td>-0.012±0.009</td>\n",
       "      <td>-0.013±0.01</td>\n",
       "      <td>0.48</td>\n",
       "      <td>0.63339</td>\n",
       "    </tr>\n",
       "    <tr>\n",
       "      <th>L_Thal</th>\n",
       "      <td>-0.015±0.011</td>\n",
       "      <td>-0.011±0.011</td>\n",
       "      <td>-1.22</td>\n",
       "      <td>0.22882</td>\n",
       "    </tr>\n",
       "    <tr>\n",
       "      <th>L_Insula</th>\n",
       "      <td>-0.002±0.005</td>\n",
       "      <td>-0.003±0.005</td>\n",
       "      <td>0.18</td>\n",
       "      <td>0.85788</td>\n",
       "    </tr>\n",
       "    <tr>\n",
       "      <th>R_Insula</th>\n",
       "      <td>-0.003±0.004</td>\n",
       "      <td>-0.002±0.004</td>\n",
       "      <td>-0.83</td>\n",
       "      <td>0.40957</td>\n",
       "    </tr>\n",
       "    <tr>\n",
       "      <th>L_Cingulum</th>\n",
       "      <td>0.001±0.004</td>\n",
       "      <td>0.001±0.004</td>\n",
       "      <td>-0.04</td>\n",
       "      <td>0.96545</td>\n",
       "    </tr>\n",
       "    <tr>\n",
       "      <th>R_Cingulum</th>\n",
       "      <td>0.001±0.004</td>\n",
       "      <td>0.001±0.004</td>\n",
       "      <td>0.56</td>\n",
       "      <td>0.57454</td>\n",
       "    </tr>\n",
       "    <tr>\n",
       "      <th>L_RN</th>\n",
       "      <td>0.1±0.033</td>\n",
       "      <td>nan±nan</td>\n",
       "      <td>NaN</td>\n",
       "      <td>NaN</td>\n",
       "    </tr>\n",
       "    <tr>\n",
       "      <th>R_RN</th>\n",
       "      <td>0.101±0.041</td>\n",
       "      <td>nan±nan</td>\n",
       "      <td>NaN</td>\n",
       "      <td>NaN</td>\n",
       "    </tr>\n",
       "    <tr>\n",
       "      <th>L_STN</th>\n",
       "      <td>0.056±0.046</td>\n",
       "      <td>nan±nan</td>\n",
       "      <td>NaN</td>\n",
       "      <td>NaN</td>\n",
       "    </tr>\n",
       "    <tr>\n",
       "      <th>R_STN</th>\n",
       "      <td>0.046±0.029</td>\n",
       "      <td>nan±nan</td>\n",
       "      <td>NaN</td>\n",
       "      <td>NaN</td>\n",
       "    </tr>\n",
       "    <tr>\n",
       "      <th>L_SN</th>\n",
       "      <td>0.124±0.051</td>\n",
       "      <td>nan±nan</td>\n",
       "      <td>NaN</td>\n",
       "      <td>NaN</td>\n",
       "    </tr>\n",
       "    <tr>\n",
       "      <th>R_SN</th>\n",
       "      <td>0.129±0.024</td>\n",
       "      <td>nan±nan</td>\n",
       "      <td>NaN</td>\n",
       "      <td>NaN</td>\n",
       "    </tr>\n",
       "  </tbody>\n",
       "</table>\n",
       "</div>"
      ],
      "text/plain": [
       "              Controls_A    Controls_B     Z    p_val\n",
       "SNR           2.75±0.261   2.782±0.251 -0.45  0.65733\n",
       "CNR          1.689±0.192   1.721±0.165 -0.62  0.53947\n",
       "FBER        -1.842±1.488   -1.78±1.627 -0.14  0.88826\n",
       "QI1          0.235±0.042   0.228±0.037  0.59   0.5547\n",
       "R_Caud        0.038±0.01   0.038±0.009  0.12  0.90558\n",
       "L_Caud       0.045±0.013   0.043±0.014  0.51  0.61174\n",
       "R_Puta       0.033±0.015    0.03±0.012  0.73   0.4668\n",
       "L_Puta       0.027±0.015   0.024±0.015  0.78  0.43713\n",
       "R_Pall       0.108±0.018   0.107±0.016  0.16  0.86981\n",
       "L_Pall       0.104±0.021   0.105±0.015 -0.15  0.88311\n",
       "R_Amyg      -0.003±0.011   0.002±0.014 -1.61  0.11296\n",
       "L_Amyg      -0.015±0.022  -0.001±0.021 -2.33  0.02391\n",
       "R_Hipp       0.007±0.007    0.01±0.007 -1.11  0.27209\n",
       "L_Hipp       0.013±0.016   0.012±0.013  0.23  0.82208\n",
       "R_Accu         0.0±0.015  -0.005±0.014  1.29  0.20186\n",
       "L_Accu       0.005±0.029   0.009±0.027 -0.55  0.58807\n",
       "R_Thal      -0.012±0.009   -0.013±0.01  0.48  0.63339\n",
       "L_Thal      -0.015±0.011  -0.011±0.011 -1.22  0.22882\n",
       "L_Insula    -0.002±0.005  -0.003±0.005  0.18  0.85788\n",
       "R_Insula    -0.003±0.004  -0.002±0.004 -0.83  0.40957\n",
       "L_Cingulum   0.001±0.004   0.001±0.004 -0.04  0.96545\n",
       "R_Cingulum   0.001±0.004   0.001±0.004  0.56  0.57454\n",
       "L_RN           0.1±0.033       nan±nan   NaN      NaN\n",
       "R_RN         0.101±0.041       nan±nan   NaN      NaN\n",
       "L_STN        0.056±0.046       nan±nan   NaN      NaN\n",
       "R_STN        0.046±0.029       nan±nan   NaN      NaN\n",
       "L_SN         0.124±0.051       nan±nan   NaN      NaN\n",
       "R_SN         0.129±0.024       nan±nan   NaN      NaN"
      ]
     },
     "execution_count": 35,
     "metadata": {},
     "output_type": "execute_result"
    }
   ],
   "source": [
    "def detect_outliers(df, measure):\n",
    "    mu = np.mean(df[measure])\n",
    "    sd = np.std(df[measure])\n",
    "    upper = mu +3*sd\n",
    "    lower = mu -3*sd\n",
    "    outliers = []\n",
    "    for subject in df.index:\n",
    "        i = df.loc[subject][measure]\n",
    "        if i > upper or i < lower:\n",
    "            outliers.append(subject)\n",
    "            df.ix[subject, measure] = np.nan\n",
    "            print outliers\n",
    "            print 'OUTLIER: %s %s= %s, Limits= (%s,%s)'%(subject, measure, i, lower, upper)\n",
    "    \n",
    "def make_test_retest():\n",
    "    df1 = pd.read_csv(os.path.join(datadir, 'controls_a.csv'), index_col = 0) \n",
    "    df2 = pd.read_csv(os.path.join(datadir, 'controls_b.csv'), index_col = 0) \n",
    "    df = pd.DataFrame(index= ['Controls_A', 'Controls_B', 'Z', 'p_val',], columns=measures)\n",
    "    \n",
    "    for measure in measures:\n",
    "        detect_outliers(df1, measure)\n",
    "        detect_outliers(df2,measure)\n",
    "        t_val, p_val = ttest_ind(df1[measure], df2[measure])\n",
    "        df.ix['Controls_A'][measure] = '%s±%s'%(np.round(np.mean(df1[measure]),3), np.round(np.std(df1[measure]),3))     \n",
    "        df.ix['Controls_B'][measure] = '%s±%s'%(np.round(np.mean(df2[measure]),3), np.round(np.std(df2[measure]),3) )   \n",
    "        df.ix['Z'][measure] = np.round(t_val,2)        \n",
    "        df.ix['p_val'][measure] = np.round(p_val,5)\n",
    "        \n",
    "    return df.T\n",
    "make_test_retest()"
   ]
  },
  {
   "cell_type": "code",
   "execution_count": 36,
   "metadata": {
    "collapsed": false,
    "scrolled": false
   },
   "outputs": [
    {
     "name": "stdout",
     "output_type": "stream",
     "text": [
      "FBER p = 0.012\n",
      "R_Amyg p = 0.008\n",
      "L_Amyg p = 0.045\n",
      "R_Hipp p = 0.036\n",
      "L_Insula p = 0.042\n",
      "R_Insula p = 0.002\n",
      "L_Cingulum p = 0.042\n",
      "R_RN p = 0.018\n",
      "R_STN p = 0.042\n"
     ]
    },
    {
     "data": {
      "text/html": [
       "<div>\n",
       "<table border=\"1\" class=\"dataframe\">\n",
       "  <thead>\n",
       "    <tr style=\"text-align: right;\">\n",
       "      <th></th>\n",
       "      <th>Controls</th>\n",
       "      <th>Patients</th>\n",
       "      <th>Z</th>\n",
       "      <th>p_val</th>\n",
       "    </tr>\n",
       "  </thead>\n",
       "  <tbody>\n",
       "    <tr>\n",
       "      <th>SNR</th>\n",
       "      <td>2749.868±260.9</td>\n",
       "      <td>2776.032±255.598</td>\n",
       "      <td>477</td>\n",
       "      <td>0.32392</td>\n",
       "    </tr>\n",
       "    <tr>\n",
       "      <th>CNR</th>\n",
       "      <td>1688.818±192.061</td>\n",
       "      <td>1675.87±185.869</td>\n",
       "      <td>501</td>\n",
       "      <td>0.44657</td>\n",
       "    </tr>\n",
       "    <tr>\n",
       "      <th>FBER</th>\n",
       "      <td>-1842.497±1487.686</td>\n",
       "      <td>-945.971±1430.141</td>\n",
       "      <td>342</td>\n",
       "      <td>0.01159</td>\n",
       "    </tr>\n",
       "    <tr>\n",
       "      <th>QI1</th>\n",
       "      <td>235.108±42.497</td>\n",
       "      <td>247.506±43.728</td>\n",
       "      <td>430</td>\n",
       "      <td>0.13827</td>\n",
       "    </tr>\n",
       "    <tr>\n",
       "      <th>R_Caud</th>\n",
       "      <td>38.202±10.096</td>\n",
       "      <td>39.052±9.46</td>\n",
       "      <td>446</td>\n",
       "      <td>0.19128</td>\n",
       "    </tr>\n",
       "    <tr>\n",
       "      <th>L_Caud</th>\n",
       "      <td>44.879±12.611</td>\n",
       "      <td>41.922±11.466</td>\n",
       "      <td>464</td>\n",
       "      <td>0.26389</td>\n",
       "    </tr>\n",
       "    <tr>\n",
       "      <th>R_Puta</th>\n",
       "      <td>33.311±14.798</td>\n",
       "      <td>31.491±15.621</td>\n",
       "      <td>483</td>\n",
       "      <td>0.3534</td>\n",
       "    </tr>\n",
       "    <tr>\n",
       "      <th>L_Puta</th>\n",
       "      <td>26.929±14.665</td>\n",
       "      <td>25.525±18.1</td>\n",
       "      <td>466</td>\n",
       "      <td>0.27275</td>\n",
       "    </tr>\n",
       "    <tr>\n",
       "      <th>R_Pall</th>\n",
       "      <td>107.811±18.066</td>\n",
       "      <td>108.978±18.22</td>\n",
       "      <td>487</td>\n",
       "      <td>0.37357</td>\n",
       "    </tr>\n",
       "    <tr>\n",
       "      <th>L_Pall</th>\n",
       "      <td>103.765±20.579</td>\n",
       "      <td>106.314±26.542</td>\n",
       "      <td>480</td>\n",
       "      <td>0.33854</td>\n",
       "    </tr>\n",
       "    <tr>\n",
       "      <th>R_Amyg</th>\n",
       "      <td>-3.097±10.765</td>\n",
       "      <td>4.489±11.838</td>\n",
       "      <td>330</td>\n",
       "      <td>0.00752</td>\n",
       "    </tr>\n",
       "    <tr>\n",
       "      <th>L_Amyg</th>\n",
       "      <td>-14.746±21.574</td>\n",
       "      <td>-1.932±27.142</td>\n",
       "      <td>385</td>\n",
       "      <td>0.04526</td>\n",
       "    </tr>\n",
       "    <tr>\n",
       "      <th>R_Hipp</th>\n",
       "      <td>7.439±7.047</td>\n",
       "      <td>10.692±7.791</td>\n",
       "      <td>377</td>\n",
       "      <td>0.03592</td>\n",
       "    </tr>\n",
       "    <tr>\n",
       "      <th>L_Hipp</th>\n",
       "      <td>13.32±16.093</td>\n",
       "      <td>11.8±10.789</td>\n",
       "      <td>493</td>\n",
       "      <td>0.40446</td>\n",
       "    </tr>\n",
       "    <tr>\n",
       "      <th>R_Accu</th>\n",
       "      <td>0.435±15.092</td>\n",
       "      <td>-5.108±15.396</td>\n",
       "      <td>390</td>\n",
       "      <td>0.05203</td>\n",
       "    </tr>\n",
       "    <tr>\n",
       "      <th>L_Accu</th>\n",
       "      <td>4.859±28.967</td>\n",
       "      <td>1.51±33.674</td>\n",
       "      <td>497</td>\n",
       "      <td>0.42541</td>\n",
       "    </tr>\n",
       "    <tr>\n",
       "      <th>R_Thal</th>\n",
       "      <td>-11.748±9.394</td>\n",
       "      <td>-12.283±7.385</td>\n",
       "      <td>455</td>\n",
       "      <td>0.22594</td>\n",
       "    </tr>\n",
       "    <tr>\n",
       "      <th>L_Thal</th>\n",
       "      <td>-14.668±10.616</td>\n",
       "      <td>-15.793±10.551</td>\n",
       "      <td>475</td>\n",
       "      <td>0.31433</td>\n",
       "    </tr>\n",
       "    <tr>\n",
       "      <th>L_Insula</th>\n",
       "      <td>-2.386±5.334</td>\n",
       "      <td>0.15±5.353</td>\n",
       "      <td>382</td>\n",
       "      <td>0.04155</td>\n",
       "    </tr>\n",
       "    <tr>\n",
       "      <th>R_Insula</th>\n",
       "      <td>-2.666±3.505</td>\n",
       "      <td>-0.493±2.914</td>\n",
       "      <td>302</td>\n",
       "      <td>0.0025</td>\n",
       "    </tr>\n",
       "    <tr>\n",
       "      <th>L_Cingulum</th>\n",
       "      <td>0.844±3.694</td>\n",
       "      <td>2.773±4.813</td>\n",
       "      <td>382</td>\n",
       "      <td>0.04155</td>\n",
       "    </tr>\n",
       "    <tr>\n",
       "      <th>R_Cingulum</th>\n",
       "      <td>1.127±3.589</td>\n",
       "      <td>0.819±3.647</td>\n",
       "      <td>464</td>\n",
       "      <td>0.26389</td>\n",
       "    </tr>\n",
       "    <tr>\n",
       "      <th>L_RN</th>\n",
       "      <td>104.192±39.772</td>\n",
       "      <td>98.894±45.456</td>\n",
       "      <td>454</td>\n",
       "      <td>0.22192</td>\n",
       "    </tr>\n",
       "    <tr>\n",
       "      <th>R_RN</th>\n",
       "      <td>101.449±41.193</td>\n",
       "      <td>81.884±33.393</td>\n",
       "      <td>355</td>\n",
       "      <td>0.01806</td>\n",
       "    </tr>\n",
       "    <tr>\n",
       "      <th>L_STN</th>\n",
       "      <td>55.735±46.274</td>\n",
       "      <td>47.472±53.648</td>\n",
       "      <td>484</td>\n",
       "      <td>0.35841</td>\n",
       "    </tr>\n",
       "    <tr>\n",
       "      <th>R_STN</th>\n",
       "      <td>46.411±28.834</td>\n",
       "      <td>35.437±30.03</td>\n",
       "      <td>382</td>\n",
       "      <td>0.04155</td>\n",
       "    </tr>\n",
       "    <tr>\n",
       "      <th>L_SN</th>\n",
       "      <td>123.755±51.158</td>\n",
       "      <td>141.567±46.652</td>\n",
       "      <td>430</td>\n",
       "      <td>0.13827</td>\n",
       "    </tr>\n",
       "    <tr>\n",
       "      <th>R_SN</th>\n",
       "      <td>128.763±24.492</td>\n",
       "      <td>132.665±35.898</td>\n",
       "      <td>507</td>\n",
       "      <td>0.47857</td>\n",
       "    </tr>\n",
       "  </tbody>\n",
       "</table>\n",
       "</div>"
      ],
      "text/plain": [
       "                      Controls           Patients    Z    p_val\n",
       "SNR             2749.868±260.9   2776.032±255.598  477  0.32392\n",
       "CNR           1688.818±192.061    1675.87±185.869  501  0.44657\n",
       "FBER        -1842.497±1487.686  -945.971±1430.141  342  0.01159\n",
       "QI1             235.108±42.497     247.506±43.728  430  0.13827\n",
       "R_Caud           38.202±10.096        39.052±9.46  446  0.19128\n",
       "L_Caud           44.879±12.611      41.922±11.466  464  0.26389\n",
       "R_Puta           33.311±14.798      31.491±15.621  483   0.3534\n",
       "L_Puta           26.929±14.665        25.525±18.1  466  0.27275\n",
       "R_Pall          107.811±18.066      108.978±18.22  487  0.37357\n",
       "L_Pall          103.765±20.579     106.314±26.542  480  0.33854\n",
       "R_Amyg           -3.097±10.765       4.489±11.838  330  0.00752\n",
       "L_Amyg          -14.746±21.574      -1.932±27.142  385  0.04526\n",
       "R_Hipp             7.439±7.047       10.692±7.791  377  0.03592\n",
       "L_Hipp            13.32±16.093        11.8±10.789  493  0.40446\n",
       "R_Accu            0.435±15.092      -5.108±15.396  390  0.05203\n",
       "L_Accu            4.859±28.967        1.51±33.674  497  0.42541\n",
       "R_Thal           -11.748±9.394      -12.283±7.385  455  0.22594\n",
       "L_Thal          -14.668±10.616     -15.793±10.551  475  0.31433\n",
       "L_Insula          -2.386±5.334         0.15±5.353  382  0.04155\n",
       "R_Insula          -2.666±3.505       -0.493±2.914  302   0.0025\n",
       "L_Cingulum         0.844±3.694        2.773±4.813  382  0.04155\n",
       "R_Cingulum         1.127±3.589        0.819±3.647  464  0.26389\n",
       "L_RN            104.192±39.772      98.894±45.456  454  0.22192\n",
       "R_RN            101.449±41.193      81.884±33.393  355  0.01806\n",
       "L_STN            55.735±46.274      47.472±53.648  484  0.35841\n",
       "R_STN            46.411±28.834       35.437±30.03  382  0.04155\n",
       "L_SN            123.755±51.158     141.567±46.652  430  0.13827\n",
       "R_SN            128.763±24.492     132.665±35.898  507  0.47857"
      ]
     },
     "execution_count": 36,
     "metadata": {},
     "output_type": "execute_result"
    }
   ],
   "source": [
    "def make_ttest():\n",
    "    df1 = pd.read_csv(os.path.join(datadir, 'controls_a.csv'), index_col = 0) * 1000\n",
    "    df2 = pd.read_csv(os.path.join(datadir, 'patients_a.csv'), index_col = 0) * 1000\n",
    "    \n",
    "    df = pd.DataFrame(index= ['Controls', 'Patients', 'Z', 'p_val',], columns=measures)\n",
    "    drop = ['CB4P', 'NL2P', 'YU1P', 'LA9P', 'NL2P']\n",
    "    for measure in measures:\n",
    "        #detect_outliers(df1, measure)\n",
    "        #detect_outliers(df2,measure)\n",
    "        t_val, p_val = mannwhitneyu(df1[measure], df2[measure].drop(drop, axis = 0))\n",
    "        df.ix['Controls'][measure] = '%s±%s'%(np.round(np.mean(df1[measure]),3), np.round(np.std(df1[measure]),3))     \n",
    "        df.ix['Patients'][measure] = '%s±%s'%(np.round(np.mean(df2[measure].drop(drop, axis = 0)),3), \n",
    "                                              np.round(np.std(df2[measure].drop(drop, axis = 0)),3))   \n",
    "        df.ix['Z'][measure] = np.round(t_val,2)        \n",
    "        df.ix['p_val'][measure] = np.round(p_val,5)\n",
    "        \n",
    "        if p_val < 0.05:\n",
    "            print measure, 'p =', np.round(p_val,3)\n",
    "        \n",
    "    return df.T\n",
    "x = make_ttest()\n",
    "x"
   ]
  },
  {
   "cell_type": "code",
   "execution_count": 37,
   "metadata": {
    "collapsed": false
   },
   "outputs": [
    {
     "data": {
      "text/html": [
       "<div>\n",
       "<table border=\"1\" class=\"dataframe\">\n",
       "  <thead>\n",
       "    <tr style=\"text-align: right;\">\n",
       "      <th></th>\n",
       "      <th>Controls</th>\n",
       "      <th>Patients</th>\n",
       "      <th>Z</th>\n",
       "      <th>p_val</th>\n",
       "    </tr>\n",
       "  </thead>\n",
       "  <tbody>\n",
       "    <tr>\n",
       "      <th>R_Insula</th>\n",
       "      <td>-2.666±3.505</td>\n",
       "      <td>-0.493±2.914</td>\n",
       "      <td>302</td>\n",
       "      <td>0.0025</td>\n",
       "    </tr>\n",
       "    <tr>\n",
       "      <th>R_Amyg</th>\n",
       "      <td>-3.097±10.765</td>\n",
       "      <td>4.489±11.838</td>\n",
       "      <td>330</td>\n",
       "      <td>0.00752</td>\n",
       "    </tr>\n",
       "    <tr>\n",
       "      <th>FBER</th>\n",
       "      <td>-1842.497±1487.686</td>\n",
       "      <td>-945.971±1430.141</td>\n",
       "      <td>342</td>\n",
       "      <td>0.01159</td>\n",
       "    </tr>\n",
       "    <tr>\n",
       "      <th>R_RN</th>\n",
       "      <td>101.449±41.193</td>\n",
       "      <td>81.884±33.393</td>\n",
       "      <td>355</td>\n",
       "      <td>0.01806</td>\n",
       "    </tr>\n",
       "    <tr>\n",
       "      <th>R_Hipp</th>\n",
       "      <td>7.439±7.047</td>\n",
       "      <td>10.692±7.791</td>\n",
       "      <td>377</td>\n",
       "      <td>0.03592</td>\n",
       "    </tr>\n",
       "    <tr>\n",
       "      <th>L_Insula</th>\n",
       "      <td>-2.386±5.334</td>\n",
       "      <td>0.15±5.353</td>\n",
       "      <td>382</td>\n",
       "      <td>0.04155</td>\n",
       "    </tr>\n",
       "    <tr>\n",
       "      <th>R_STN</th>\n",
       "      <td>46.411±28.834</td>\n",
       "      <td>35.437±30.03</td>\n",
       "      <td>382</td>\n",
       "      <td>0.04155</td>\n",
       "    </tr>\n",
       "    <tr>\n",
       "      <th>L_Cingulum</th>\n",
       "      <td>0.844±3.694</td>\n",
       "      <td>2.773±4.813</td>\n",
       "      <td>382</td>\n",
       "      <td>0.04155</td>\n",
       "    </tr>\n",
       "    <tr>\n",
       "      <th>L_Amyg</th>\n",
       "      <td>-14.746±21.574</td>\n",
       "      <td>-1.932±27.142</td>\n",
       "      <td>385</td>\n",
       "      <td>0.04526</td>\n",
       "    </tr>\n",
       "    <tr>\n",
       "      <th>R_Accu</th>\n",
       "      <td>0.435±15.092</td>\n",
       "      <td>-5.108±15.396</td>\n",
       "      <td>390</td>\n",
       "      <td>0.05203</td>\n",
       "    </tr>\n",
       "    <tr>\n",
       "      <th>L_SN</th>\n",
       "      <td>123.755±51.158</td>\n",
       "      <td>141.567±46.652</td>\n",
       "      <td>430</td>\n",
       "      <td>0.13827</td>\n",
       "    </tr>\n",
       "    <tr>\n",
       "      <th>QI1</th>\n",
       "      <td>235.108±42.497</td>\n",
       "      <td>247.506±43.728</td>\n",
       "      <td>430</td>\n",
       "      <td>0.13827</td>\n",
       "    </tr>\n",
       "    <tr>\n",
       "      <th>R_Caud</th>\n",
       "      <td>38.202±10.096</td>\n",
       "      <td>39.052±9.46</td>\n",
       "      <td>446</td>\n",
       "      <td>0.19128</td>\n",
       "    </tr>\n",
       "    <tr>\n",
       "      <th>L_RN</th>\n",
       "      <td>104.192±39.772</td>\n",
       "      <td>98.894±45.456</td>\n",
       "      <td>454</td>\n",
       "      <td>0.22192</td>\n",
       "    </tr>\n",
       "    <tr>\n",
       "      <th>R_Thal</th>\n",
       "      <td>-11.748±9.394</td>\n",
       "      <td>-12.283±7.385</td>\n",
       "      <td>455</td>\n",
       "      <td>0.22594</td>\n",
       "    </tr>\n",
       "    <tr>\n",
       "      <th>L_Caud</th>\n",
       "      <td>44.879±12.611</td>\n",
       "      <td>41.922±11.466</td>\n",
       "      <td>464</td>\n",
       "      <td>0.26389</td>\n",
       "    </tr>\n",
       "    <tr>\n",
       "      <th>R_Cingulum</th>\n",
       "      <td>1.127±3.589</td>\n",
       "      <td>0.819±3.647</td>\n",
       "      <td>464</td>\n",
       "      <td>0.26389</td>\n",
       "    </tr>\n",
       "    <tr>\n",
       "      <th>L_Puta</th>\n",
       "      <td>26.929±14.665</td>\n",
       "      <td>25.525±18.1</td>\n",
       "      <td>466</td>\n",
       "      <td>0.27275</td>\n",
       "    </tr>\n",
       "    <tr>\n",
       "      <th>L_Thal</th>\n",
       "      <td>-14.668±10.616</td>\n",
       "      <td>-15.793±10.551</td>\n",
       "      <td>475</td>\n",
       "      <td>0.31433</td>\n",
       "    </tr>\n",
       "    <tr>\n",
       "      <th>SNR</th>\n",
       "      <td>2749.868±260.9</td>\n",
       "      <td>2776.032±255.598</td>\n",
       "      <td>477</td>\n",
       "      <td>0.32392</td>\n",
       "    </tr>\n",
       "    <tr>\n",
       "      <th>L_Pall</th>\n",
       "      <td>103.765±20.579</td>\n",
       "      <td>106.314±26.542</td>\n",
       "      <td>480</td>\n",
       "      <td>0.33854</td>\n",
       "    </tr>\n",
       "    <tr>\n",
       "      <th>R_Puta</th>\n",
       "      <td>33.311±14.798</td>\n",
       "      <td>31.491±15.621</td>\n",
       "      <td>483</td>\n",
       "      <td>0.3534</td>\n",
       "    </tr>\n",
       "    <tr>\n",
       "      <th>L_STN</th>\n",
       "      <td>55.735±46.274</td>\n",
       "      <td>47.472±53.648</td>\n",
       "      <td>484</td>\n",
       "      <td>0.35841</td>\n",
       "    </tr>\n",
       "    <tr>\n",
       "      <th>R_Pall</th>\n",
       "      <td>107.811±18.066</td>\n",
       "      <td>108.978±18.22</td>\n",
       "      <td>487</td>\n",
       "      <td>0.37357</td>\n",
       "    </tr>\n",
       "    <tr>\n",
       "      <th>L_Hipp</th>\n",
       "      <td>13.32±16.093</td>\n",
       "      <td>11.8±10.789</td>\n",
       "      <td>493</td>\n",
       "      <td>0.40446</td>\n",
       "    </tr>\n",
       "    <tr>\n",
       "      <th>L_Accu</th>\n",
       "      <td>4.859±28.967</td>\n",
       "      <td>1.51±33.674</td>\n",
       "      <td>497</td>\n",
       "      <td>0.42541</td>\n",
       "    </tr>\n",
       "    <tr>\n",
       "      <th>CNR</th>\n",
       "      <td>1688.818±192.061</td>\n",
       "      <td>1675.87±185.869</td>\n",
       "      <td>501</td>\n",
       "      <td>0.44657</td>\n",
       "    </tr>\n",
       "    <tr>\n",
       "      <th>R_SN</th>\n",
       "      <td>128.763±24.492</td>\n",
       "      <td>132.665±35.898</td>\n",
       "      <td>507</td>\n",
       "      <td>0.47857</td>\n",
       "    </tr>\n",
       "  </tbody>\n",
       "</table>\n",
       "</div>"
      ],
      "text/plain": [
       "                      Controls           Patients    Z    p_val\n",
       "R_Insula          -2.666±3.505       -0.493±2.914  302   0.0025\n",
       "R_Amyg           -3.097±10.765       4.489±11.838  330  0.00752\n",
       "FBER        -1842.497±1487.686  -945.971±1430.141  342  0.01159\n",
       "R_RN            101.449±41.193      81.884±33.393  355  0.01806\n",
       "R_Hipp             7.439±7.047       10.692±7.791  377  0.03592\n",
       "L_Insula          -2.386±5.334         0.15±5.353  382  0.04155\n",
       "R_STN            46.411±28.834       35.437±30.03  382  0.04155\n",
       "L_Cingulum         0.844±3.694        2.773±4.813  382  0.04155\n",
       "L_Amyg          -14.746±21.574      -1.932±27.142  385  0.04526\n",
       "R_Accu            0.435±15.092      -5.108±15.396  390  0.05203\n",
       "L_SN            123.755±51.158     141.567±46.652  430  0.13827\n",
       "QI1             235.108±42.497     247.506±43.728  430  0.13827\n",
       "R_Caud           38.202±10.096        39.052±9.46  446  0.19128\n",
       "L_RN            104.192±39.772      98.894±45.456  454  0.22192\n",
       "R_Thal           -11.748±9.394      -12.283±7.385  455  0.22594\n",
       "L_Caud           44.879±12.611      41.922±11.466  464  0.26389\n",
       "R_Cingulum         1.127±3.589        0.819±3.647  464  0.26389\n",
       "L_Puta           26.929±14.665        25.525±18.1  466  0.27275\n",
       "L_Thal          -14.668±10.616     -15.793±10.551  475  0.31433\n",
       "SNR             2749.868±260.9   2776.032±255.598  477  0.32392\n",
       "L_Pall          103.765±20.579     106.314±26.542  480  0.33854\n",
       "R_Puta           33.311±14.798      31.491±15.621  483   0.3534\n",
       "L_STN            55.735±46.274      47.472±53.648  484  0.35841\n",
       "R_Pall          107.811±18.066      108.978±18.22  487  0.37357\n",
       "L_Hipp            13.32±16.093        11.8±10.789  493  0.40446\n",
       "L_Accu            4.859±28.967        1.51±33.674  497  0.42541\n",
       "CNR           1688.818±192.061    1675.87±185.869  501  0.44657\n",
       "R_SN            128.763±24.492     132.665±35.898  507  0.47857"
      ]
     },
     "execution_count": 37,
     "metadata": {},
     "output_type": "execute_result"
    }
   ],
   "source": [
    "x.sort(columns='p_val')"
   ]
  },
  {
   "cell_type": "code",
   "execution_count": 38,
   "metadata": {
    "collapsed": false
   },
   "outputs": [],
   "source": [
    "def plot(df1,df2,measure):\n",
    "    palette = sns.xkcd_palette([ \"red\", 'blue'])\n",
    "    data = [df1[measure], df2[measure]]\n",
    "    sns.violinplot(data=data, palette= palette)\n",
    "    sns.stripplot(data=data,palette= palette, jitter=1)\n",
    "    \n",
    "    "
   ]
  },
  {
   "cell_type": "code",
   "execution_count": 39,
   "metadata": {
    "collapsed": false
   },
   "outputs": [],
   "source": [
    "controls_a = pd.read_csv(os.path.join(datadir, 'controls_a.csv'), index_col = 0)\n",
    "controls_b = pd.read_csv(os.path.join(datadir, 'controls_b.csv'), index_col = 0)\n",
    "patients_a = pd.read_csv(os.path.join(datadir, 'patients_a.csv'), index_col = 0)\n",
    "patients_b = pd.read_csv(os.path.join(datadir, 'patients_b.csv'), index_col = 0)"
   ]
  },
  {
   "cell_type": "code",
   "execution_count": 40,
   "metadata": {
    "collapsed": false
   },
   "outputs": [],
   "source": [
    "def get_clinical(df, pop_name):\n",
    "    clinical_df = pd.read_csv(os.path.join(clinical_dir, 'clinical_%s.csv'%pop_name), index_col=0)\n",
    "    \n",
    "    for subject in df.index:\n",
    "        if subject in clinical_df.index:\n",
    "            df.ix[subject, 'YGTSS']             = clinical_df.loc[subject]['YGTSS_Total_Tic_Score']\n",
    "            df.ix[subject, 'RVTRS']             = clinical_df.loc[subject]['RVTRS']\n",
    "            df.ix[subject, 'PUTS']              = clinical_df.loc[subject]['puts']\n",
    "            df.ix[subject, 'YBOCS']             = clinical_df.loc[subject]['YBOCS_Totalscore_Items_1to10']\n",
    "            df.ix[subject, 'OCI']               = clinical_df.loc[subject]['OCIR_total score']\n",
    "            df.ix[subject, 'CAARS' ]            = clinical_df.loc[subject]['CAARS_Score_ADHS_Symptoms_Total_Cat_G_T_Score']\n",
    "            df.ix[subject, 'DSM4']              = clinical_df.loc[subject]['DSM4_clinically_significant_ADHD']\n",
    "            df.ix[subject, 'QOL']               = clinical_df.loc[subject]['qol_scale']\n",
    "            df.ix[subject, 'QOLs']              = clinical_df.loc[subject]['qol_score']\n",
    "            df.ix[subject, 'BDI']               = clinical_df.loc[subject]['BDI12']\n",
    "            df.ix[subject, 'Ferritin']               = clinical_df.loc[subject]['Ferritin']\n",
    "    \n",
    "    return df"
   ]
  },
  {
   "cell_type": "code",
   "execution_count": 41,
   "metadata": {
    "collapsed": false
   },
   "outputs": [],
   "source": [
    "Xcontrols_a = get_clinical(controls_a, 'controls_a')\n",
    "Xpatients_a = get_clinical(patients_a, 'patients_a')\n",
    "Xpatients_b = get_clinical(patients_b, 'patients_b')"
   ]
  },
  {
   "cell_type": "code",
   "execution_count": 91,
   "metadata": {
    "collapsed": false
   },
   "outputs": [
    {
     "data": {
      "text/plain": [
       "<seaborn.axisgrid.JointGrid at 0x119cb8590>"
      ]
     },
     "execution_count": 91,
     "metadata": {},
     "output_type": "execute_result"
    },
    {
     "data": {
